14.202 12.860
14.262 13.053
13.884 13.059
14.288 13.189
14.316 13.251
14.357 13.349
14.635 13.679
14.762 13.748
14.693 13.789
14.183 13.867
14.085 13.876
14.459 13.963
14.453 14.061
14.967 14.103
14.974 14.122
14.867 14.174
15.005 14.198
14.944 14.212
15.018 14.214
15.051 14.219
15.069 14.231
15.074 14.262
15.099 14.280
15.083 14.307
15.152 14.330
15.156 14.353
15.137 14.369
15.184 14.374
15.263 14.524
15.278 14.551
15.411 14.661
15.434 14.675
15.476 14.725
15.510 14.763
15.786 14.765
15.468 14.770
15.568 14.831
15.563 14.840
15.048 14.984
15.650 14.996
15.513 15.051
15.779 15.085
15.800 15.117
15.833 15.148
15.836 15.155
15.781 15.176
15.872 15.193
15.889 15.209
15.847 15.255
15.938 15.266
15.647 15.289
16.001 15.328
16.083 15.425
16.003 15.434
16.124 15.490
16.148 15.500
15.862 15.511
16.185 15.565
16.219 15.572
16.078 15.580
16.204 15.580
16.171 15.622
16.265 15.629
16.203 15.638
16.276 15.651
16.049 15.663
16.204 15.811
16.428 15.812
16.418 15.817
16.250 15.832
16.459 15.848
16.469 15.852
16.461 15.857
16.474 15.861
16.281 15.875
16.497 15.876
16.493 15.881
16.500 15.886
16.521 15.912
16.531 15.923
16.563 15.953
16.559 15.961
16.359 15.993
16.617 16.013
16.644 16.044
16.133 16.049
16.647 16.056
16.679 16.076
16.674 16.079
16.669 16.080
16.674 16.084
16.674 16.086
16.700 16.099
16.215 16.115
16.707 16.117
16.751 16.154
16.757 16.167
16.761 16.172
16.572 16.182
16.229 16.183
16.455 16.208
16.804 16.218
16.376 16.223
16.804 16.224
16.615 16.225
17.303 16.238
16.515 16.239
16.849 16.248
16.854 16.258
16.848 16.262
16.521 16.283
16.296 16.293
16.576 16.317
16.608 16.317
16.536 16.328
16.907 16.335
16.918 16.356
16.636 16.360
16.979 16.407
16.978 16.416
16.910 16.435
16.736 16.438
17.019 16.453
17.016 16.457
16.432 16.460
16.686 16.466
16.461 16.486
17.064 16.501
16.790 16.512
16.486 16.516
16.447 16.526
16.458 16.533
17.111 16.535
16.734 16.554
17.114 16.559
16.503 16.564
17.114 16.564
16.647 16.566
17.148 16.578
16.519 16.582
16.517 16.583
17.143 16.586
16.835 16.594
16.544 16.595
16.520 16.599
16.530 16.605
17.152 16.605
16.554 16.607
17.162 16.610
16.515 16.616
17.167 16.620
16.543 16.624
16.676 16.627
16.504 16.632
16.894 16.636
17.181 16.636
17.289 16.641
16.517 16.645
16.529 16.645
16.553 16.645
17.196 16.649
16.525 16.653
16.569 16.657
16.560 16.672
16.560 16.672
16.526 16.679
16.533 16.687
16.564 16.690
16.535 16.691
16.545 16.691
16.564 16.694
16.540 16.699
16.954 16.699
16.566 16.701
16.531 16.704
16.588 16.706
16.569 16.708
17.265 16.712
16.562 16.714
16.579 16.716
16.570 16.724
17.272 16.727
16.568 16.729
16.453 16.730
16.586 16.734
17.275 16.734
16.961 16.739
16.591 16.740
16.552 16.741
16.579 16.745
16.878 16.748
17.301 16.749
16.580 16.757
16.592 16.758
16.586 16.759
16.578 16.760
17.928 16.762
17.302 16.767
17.318 16.775
17.317 16.780
16.602 16.785
18.167 16.786
16.594 16.793
16.603 16.794
16.608 16.797
16.605 16.806
16.606 16.806
16.613 16.807
17.347 16.807
16.617 16.810
16.607 16.814
16.610 16.821
17.369 16.827
17.223 16.831
16.611 16.832
17.379 16.832
16.610 16.836
16.635 16.855
16.647 16.864
17.360 16.871
17.363 16.900
17.442 16.900
16.666 16.901
16.682 16.903
17.442 16.906
17.439 16.921
17.456 16.927
16.708 16.938
17.348 16.945
17.484 16.960
17.494 16.960
17.459 16.973
17.509 16.975
17.521 16.981
17.528 16.986
17.542 16.992
17.507 16.998
17.422 17.002
17.564 17.005
17.526 17.007
17.879 17.013
17.539 17.030
17.550 17.030
17.537 17.053
17.583 17.058
17.555 17.084
17.607 17.094
17.610 17.101
17.656 17.138
17.663 17.139
17.788 17.148
17.495 17.153
17.668 17.154
17.676 17.160
17.693 17.162
17.695 17.165
17.700 17.185
17.714 17.198
17.722 17.199
18.196 17.207
17.698 17.217
17.741 17.239
17.757 17.252
17.764 17.252
17.772 17.265
17.766 17.266
18.664 17.266
17.783 17.269
17.788 17.275
17.795 17.279
17.816 17.285
17.802 17.292
17.825 17.319
17.843 17.334
17.839 17.337
17.848 17.338
18.269 17.346
18.093 17.347
17.863 17.357
17.867 17.364
17.877 17.373
17.874 17.376
17.892 17.378
17.872 17.382
18.767 17.386
17.895 17.387
17.893 17.390
17.896 17.404
17.957 17.443
17.955 17.448
17.959 17.458
17.958 17.471
17.751 17.495
17.962 17.509
18.202 17.521
18.002 17.529
17.868 17.541
18.063 17.560
18.054 17.562
18.052 17.567
18.071 17.580
17.254 17.582
18.083 17.585
18.084 17.585
18.087 17.593
18.083 17.595
18.135 17.600
18.109 17.601
18.093 17.603
18.091 17.608
18.103 17.613
18.699 17.623
18.118 17.624
17.949 17.626
19.061 17.635
18.142 17.646
18.168 17.647
18.135 17.659
18.142 17.664
18.157 17.666
18.169 17.669
18.153 17.672
18.166 17.676
18.258 17.681
18.165 17.683
18.171 17.691
18.190 17.693
18.186 17.705
18.208 17.706
18.192 17.707
18.556 17.715
18.221 17.717
18.232 17.717
18.201 17.719
18.226 17.726
18.207 17.733
18.225 17.738
18.236 17.744
18.242 17.746
19.043 17.747
18.229 17.751
18.256 17.758
18.270 17.768
18.249 17.777
18.273 17.780
18.242 17.784
18.316 17.791
18.306 17.800
18.280 17.801
18.288 17.808
18.297 17.808
18.296 17.810
18.178 17.812
18.287 17.815
18.680 17.815
18.300 17.817
18.313 17.825
18.324 17.828
18.327 17.828
18.310 17.835
18.336 17.845
18.325 17.861
18.330 17.862
18.365 17.863
18.362 17.874
18.341 17.880
18.581 17.884
18.399 17.885
18.381 17.891
18.368 17.893
18.388 17.899
19.297 17.899
18.402 17.905
18.411 17.918
18.413 17.925
18.402 17.939
18.075 17.943
18.427 17.943
18.438 17.946
18.116 17.962
18.459 17.969
18.430 17.970
18.450 17.978
16.491 17.980
18.481 17.985
18.483 17.993
19.237 18.000
18.499 18.013
18.487 18.015
18.500 18.020
18.508 18.020
18.514 18.024
18.513 18.037
18.301 18.038
18.506 18.040
18.520 18.051
19.376 18.051
18.687 18.052
18.551 18.060
18.506 18.063
18.535 18.064
19.510 18.069
18.542 18.074
18.551 18.078
18.559 18.084
18.573 18.087
18.392 18.091
18.553 18.096
18.568 18.097
18.586 18.101
18.567 18.104
19.104 18.108
18.569 18.111
18.599 18.114
18.572 18.117
18.587 18.120
18.605 18.126
18.610 18.132
18.612 18.148
18.619 18.158
20.437 18.162
18.624 18.174
18.666 18.176
18.649 18.179
18.651 18.179
18.645 18.181
18.659 18.184
18.647 18.186
18.659 18.187
18.646 18.189
18.668 18.190
18.637 18.193
18.672 18.193
18.671 18.196
18.675 18.197
18.679 18.197
18.683 18.199
19.373 18.200
18.669 18.203
18.662 18.204
18.678 18.208
18.683 18.210
18.346 18.212
18.698 18.212
18.634 18.213
18.666 18.214
18.707 18.226
18.647 18.229
17.994 18.235
18.733 18.238
18.696 18.240
18.701 18.247
18.542 18.249
19.730 18.249
18.733 18.250
18.711 18.254
18.744 18.255
18.737 18.264
18.735 18.265
18.707 18.271
18.745 18.271
18.745 18.272
18.735 18.274
18.762 18.278
18.737 18.281
18.752 18.283
18.577 18.287
18.737 18.292
18.780 18.292
18.755 18.295
18.692 18.302
18.753 18.305
18.769 18.312
18.788 18.326
18.790 18.329
18.804 18.333
18.766 18.345
18.788 18.345
18.825 18.349
18.828 18.349
18.914 18.349
18.802 18.353
18.792 18.357
18.820 18.365
18.789 18.370
18.832 18.371
18.842 18.371
18.843 18.371
18.855 18.373
18.330 18.377
18.849 18.383
18.860 18.388
18.845 18.389
18.873 18.399
18.837 18.400
18.877 18.403
18.865 18.405
18.758 18.409
18.869 18.410
18.853 18.412
18.883 18.429
18.341 18.431
19.615 18.432
18.886 18.442
19.488 18.443
18.834 18.444
18.432 18.446
18.908 18.452
18.919 18.456
18.859 18.461
18.919 18.466
18.915 18.469
19.082 18.470
18.940 18.476
18.922 18.479
18.960 18.479
19.798 18.483
18.800 18.494
18.946 18.499
18.960 18.500
18.947 18.503
18.998 18.511
18.974 18.523
18.923 18.524
19.429 18.525
18.989 18.526
19.549 18.526
18.917 18.527
18.975 18.536
19.023 18.541
19.016 18.543
19.896 18.556
18.976 18.559
19.026 18.559
18.958 18.560
18.984 18.560
19.002 18.560
19.021 18.562
19.017 18.564
19.000 18.568
19.020 18.579
19.018 18.589
19.245 18.592
18.653 18.596
19.071 18.597
19.119 18.601
19.314 18.604
19.032 18.606
19.977 18.609
20.053 18.612
19.055 18.614
19.058 18.614
19.076 18.622
19.028 18.627
19.073 18.628
19.977 18.634
18.937 18.635
19.102 18.636
19.087 18.640
18.684 18.643
19.120 18.645
19.097 18.647
19.091 18.648
18.977 18.650
19.103 18.653
19.048 18.654
19.079 18.654
19.053 18.655
18.581 18.656
19.095 18.662
19.151 18.662
19.105 18.666
18.932 18.671
19.122 18.679
19.118 18.683
18.771 18.684
19.039 18.687
19.163 18.689
19.140 18.692
19.118 18.693
19.152 18.694
19.126 18.699
19.123 18.704
19.133 18.705
19.154 18.705
19.141 18.707
19.095 18.710
19.139 18.710
19.063 18.713
19.167 18.715
19.172 18.718
19.148 18.720
19.168 18.721
19.169 18.721
19.100 18.722
19.126 18.725
19.160 18.730
19.183 18.730
19.097 18.734
19.153 18.735
19.178 18.735
19.070 18.740
19.196 18.748
19.180 18.751
19.174 18.757
19.427 18.762
18.834 18.768
19.222 18.768
19.184 18.770
19.080 18.773
19.209 18.773
19.174 18.775
18.670 18.776
19.312 18.779
19.109 18.782
19.220 18.782
19.216 18.783
18.737 18.786
19.212 18.788
19.195 18.789
19.260 18.789
19.195 18.790
19.240 18.792
19.226 18.799
19.237 18.799
19.041 18.800
19.258 18.802
18.973 18.804
19.227 18.805
19.207 18.808
19.216 18.808
18.935 18.810
19.269 18.811
19.249 18.813
19.232 18.815
19.254 18.822
19.096 18.829
19.164 18.834
19.272 18.838
18.887 18.839
19.064 18.840
19.227 18.846
19.268 18.850
19.311 18.851
19.269 18.854
19.280 18.854
19.274 18.856
19.293 18.861
19.131 18.862
19.190 18.866
19.207 18.866
19.324 18.868
19.147 18.873
19.197 18.879
19.293 18.879
19.166 18.880
19.231 18.881
19.336 18.882
19.317 18.886
19.153 18.890
19.253 18.890
18.791 18.891
19.278 18.891
19.331 18.891
19.198 18.894
19.302 18.895
19.322 18.895
19.340 18.896
19.335 18.900
19.328 18.901
19.287 18.906
20.138 18.906
19.199 18.907
19.245 18.910
19.350 18.911
19.260 18.912
19.262 18.912
18.881 18.913
19.297 18.915
19.329 18.915
19.343 18.916
19.331 18.919
20.274 18.919
19.239 18.920
19.310 18.922
19.189 18.923
19.162 18.924
19.226 18.925
19.354 18.927
19.246 18.930
19.241 18.934
19.309 18.936
19.232 18.937
19.320 18.937
19.339 18.938
19.387 18.938
20.399 18.938
19.303 18.939
19.358 18.939
19.212 18.940
19.333 18.943
19.329 18.944
19.311 18.945
19.339 18.948
18.910 18.950
19.323 18.950
19.362 18.950
19.187 18.951
19.362 18.952
19.373 18.955
19.619 18.955
19.356 18.957
19.277 18.958
19.253 18.959
19.385 18.960
19.081 18.964
19.324 18.966
19.118 18.969
19.372 18.969
19.301 18.973
19.429 18.976
19.022 18.978
19.411 18.978
19.134 18.979
19.362 18.979
19.347 18.980
19.282 18.982
19.323 18.982
19.067 18.989
19.403 18.990
19.440 18.992
19.368 19.000
19.381 19.000
19.431 19.001
19.430 19.006
20.392 19.007
19.411 19.008
18.979 19.010
19.327 19.010
19.362 19.010
19.283 19.012
19.410 19.013
19.409 19.014
19.419 19.014
20.558 19.014
19.411 19.015
19.337 19.016
19.314 19.017
19.367 19.017
19.381 19.017
19.305 19.019
19.389 19.019
19.320 19.029
19.390 19.029
19.295 19.032
19.421 19.032
19.450 19.034
19.969 19.034
19.276 19.037
19.425 19.038
19.130 19.039
19.392 19.039
19.352 19.041
19.372 19.041
19.440 19.042
19.452 19.042
19.456 19.042
19.317 19.043
19.389 19.045
20.373 19.045
19.488 19.048
19.121 19.051
20.381 19.051
19.337 19.052
19.409 19.053
19.417 19.053
19.475 19.053
19.475 19.054
19.416 19.055
19.456 19.058
19.430 19.059
20.014 19.060
19.391 19.061
19.410 19.061
19.327 19.062
19.430 19.062
19.033 19.063
19.449 19.063
19.450 19.064
19.475 19.064
19.384 19.065
19.448 19.065
19.377 19.067
19.398 19.068
19.053 19.069
18.990 19.070
19.463 19.071
19.484 19.071
19.409 19.074
19.323 19.075
19.299 19.077
19.466 19.077
19.580 19.077
19.431 19.078
19.286 19.080
19.314 19.082
19.395 19.083
19.457 19.083
19.403 19.084
19.433 19.085
19.519 19.085
19.489 19.087
19.447 19.090
19.487 19.090
19.206 19.092
19.437 19.092
19.462 19.092
19.411 19.095
19.415 19.096
19.422 19.096
19.443 19.096
19.473 19.097
19.433 19.098
19.439 19.100
19.470 19.101
19.500 19.101
19.365 19.102
19.478 19.102
19.334 19.103
19.423 19.103
19.330 19.104
19.398 19.104
19.470 19.104
19.413 19.105
19.434 19.105
19.439 19.110
19.463 19.110
19.471 19.110
19.452 19.113
19.459 19.114
19.469 19.116
19.480 19.121
19.754 19.121
19.460 19.122
19.469 19.122
19.370 19.124
19.424 19.124
19.493 19.124
19.415 19.125
19.418 19.125
19.463 19.126
19.448 19.127
19.505 19.127
19.452 19.129
19.484 19.129
19.423 19.130
19.453 19.130
19.488 19.130
19.446 19.131
19.499 19.132
19.402 19.133
19.403 19.133
19.487 19.133
19.526 19.134
19.455 19.138
19.470 19.138
19.481 19.138
19.498 19.139
19.477 19.140
19.467 19.141
19.484 19.143
19.501 19.143
19.465 19.144
19.521 19.147
19.497 19.148
19.498 19.148
19.436 19.149
20.082 19.149
20.624 19.149
19.443 19.150
19.495 19.150
19.495 19.150
19.464 19.151
19.465 19.151
19.419 19.152
19.043 19.155
19.417 19.155
19.503 19.157
19.460 19.158
19.507 19.158
19.462 19.162
19.486 19.164
19.486 19.164
19.560 19.164
19.469 19.165
19.483 19.166
20.626 19.166
19.520 19.168
19.633 19.169
20.378 19.170
19.462 19.171
19.486 19.172
19.434 19.173
19.498 19.173
19.376 19.176
19.568 19.176
19.466 19.177
19.489 19.179
19.497 19.179
19.517 19.179
19.459 19.180
19.408 19.181
19.407 19.182
19.437 19.183
19.476 19.183
20.665 19.183
19.434 19.185
19.531 19.188
19.427 19.189
19.508 19.189
19.491 19.190
19.515 19.190
19.438 19.192
19.552 19.192
19.368 19.195
19.543 19.195
19.159 19.196
20.013 19.200
19.540 19.202
19.537 19.206
19.493 19.207
19.499 19.207
19.183 19.208
19.391 19.208
19.508 19.208
19.527 19.209
19.546 19.209
19.524 19.210
19.568 19.211
19.471 19.212
19.580 19.212
19.455 19.214
19.162 19.215
19.540 19.215
19.227 19.217
19.464 19.217
19.440 19.218
19.536 19.218
19.543 19.219
19.523 19.220
19.506 19.221
19.563 19.221
19.879 19.221
19.516 19.222
19.457 19.225
19.534 19.225
19.490 19.226
19.562 19.227
20.775 19.227
19.526 19.229
19.261 19.231
19.542 19.231
19.539 19.232
19.499 19.233
19.536 19.233
19.523 19.234
19.588 19.234
19.529 19.235
19.562 19.235
19.503 19.236
19.503 19.236
19.508 19.236
19.542 19.236
19.549 19.236
19.515 19.237
19.579 19.237
19.581 19.237
19.579 19.238
20.576 19.238
19.504 19.239
19.530 19.239
19.588 19.240
19.501 19.241
19.569 19.241
19.536 19.243
19.495 19.244
19.554 19.244
19.598 19.244
19.519 19.245
19.551 19.245
19.618 19.245
19.537 19.246
19.527 19.247
19.564 19.248
19.565 19.248
19.526 19.250
19.159 19.251
19.560 19.251
19.371 19.253
19.581 19.253
19.560 19.254
19.630 19.254
19.538 19.255
19.549 19.256
19.303 19.257
19.568 19.257
19.572 19.257
19.515 19.258
19.554 19.258
19.560 19.258
19.492 19.259
19.546 19.259
19.548 19.261
19.499 19.262
19.539 19.262
19.567 19.262
19.591 19.262
20.637 19.262
19.533 19.263
19.534 19.263
19.629 19.264
19.534 19.266
19.551 19.266
19.574 19.266
19.568 19.267
19.533 19.268
19.586 19.268
19.599 19.268
19.512 19.269
19.544 19.270
19.567 19.270
19.203 19.271
19.523 19.272
19.536 19.273
19.586 19.273
19.552 19.275
19.623 19.275
19.557 19.276
19.516 19.277
19.548 19.277
19.508 19.279
19.615 19.279
19.538 19.280
19.538 19.280
19.560 19.282
19.555 19.283
19.595 19.287
19.599 19.287
19.619 19.287
19.597 19.288
19.573 19.289
19.606 19.289
19.555 19.291
19.560 19.292
19.578 19.292
19.620 19.295
19.662 19.295
19.591 19.298
19.596 19.298
19.594 19.299
19.557 19.301
19.563 19.302
19.610 19.302
19.553 19.303
19.631 19.303
19.594 19.304
19.609 19.304
19.613 19.304
19.572 19.305
19.599 19.305
19.642 19.305
19.582 19.306
19.586 19.306
19.578 19.308
19.597 19.311
19.606 19.311
19.570 19.313
19.580 19.313
19.613 19.314
19.541 19.315
19.641 19.315
19.607 19.317
19.584 19.318
19.577 19.319
19.637 19.319
19.572 19.320
19.583 19.320
19.604 19.321
19.574 19.322
19.753 19.323
19.630 19.324
19.607 19.325
19.576 19.326
19.534 19.327
19.580 19.327
19.327 19.328
19.594 19.329
19.599 19.329
19.624 19.329
19.403 19.330
19.634 19.331
20.085 19.332
19.612 19.333
19.613 19.333
19.638 19.333
19.600 19.334
19.590 19.335
19.613 19.335
19.589 19.340
19.681 19.340
19.573 19.342
19.601 19.344
19.594 19.345
19.665 19.345
19.220 19.346
19.618 19.346
19.551 19.347
19.308 19.349
19.627 19.349
19.655 19.349
19.649 19.350
19.646 19.353
19.500 19.354
19.615 19.356
19.601 19.357
19.628 19.359
19.641 19.359
19.609 19.360
19.630 19.360
19.638 19.360
19.657 19.360
18.925 19.361
19.602 19.362
19.523 19.364
19.638 19.364
19.640 19.364
19.621 19.365
19.674 19.367
19.606 19.368
19.632 19.368
20.658 19.368
19.592 19.369
19.624 19.369
19.674 19.371
19.594 19.373
19.625 19.373
19.698 19.375
19.610 19.376
19.663 19.376
19.702 19.376
19.663 19.377
19.801 19.377
19.607 19.378
19.630 19.379
19.620 19.383
19.635 19.385
19.645 19.385
19.701 19.385
19.757 19.385
19.664 19.386
19.733 19.386
19.622 19.387
19.622 19.392
19.626 19.392
19.649 19.392
19.670 19.392
19.899 19.392
19.659 19.393
19.668 19.393
19.639 19.395
19.668 19.395
19.690 19.395
19.624 19.397
19.675 19.397
19.631 19.398
19.677 19.400
19.654 19.401
19.624 19.402
19.655 19.402
19.667 19.402
19.701 19.402
19.673 19.403
19.679 19.403
19.674 19.405
19.667 19.406
19.617 19.407
19.681 19.407
19.685 19.407
19.739 19.407
19.617 19.409
19.660 19.409
19.658 19.413
19.704 19.413
19.765 19.413
19.676 19.414
19.619 19.415
19.653 19.415
19.679 19.415
19.686 19.416
19.725 19.416
19.703 19.417
19.677 19.418
19.694 19.418
19.691 19.419
19.700 19.419
19.637 19.422
19.759 19.422
19.670 19.423
19.687 19.423
19.689 19.423
19.712 19.423
20.891 19.423
19.656 19.425
19.698 19.425
20.613 19.426
19.589 19.427
19.696 19.427
20.767 19.428
19.657 19.431
19.425 19.432
19.692 19.432
19.710 19.432
19.671 19.434
19.700 19.434
19.684 19.435
19.709 19.435
19.645 19.436
19.691 19.436
19.675 19.437
19.681 19.437
19.731 19.437
19.742 19.437
19.688 19.438
19.716 19.440
19.654 19.441
19.687 19.442
20.335 19.442
19.672 19.444
19.689 19.444
19.710 19.444
19.690 19.445
19.754 19.445
19.677 19.446
19.683 19.447
19.694 19.447
19.738 19.447
19.751 19.447
19.776 19.447
19.732 19.448
19.731 19.449
19.717 19.451
19.700 19.452
19.713 19.454
19.711 19.457
19.723 19.457
19.719 19.458
19.759 19.459
19.718 19.461
19.720 19.462
19.728 19.462
19.741 19.462
19.678 19.463
19.734 19.463
19.934 19.463
19.732 19.464
19.739 19.464
19.746 19.464
19.700 19.465
19.380 19.466
19.660 19.466
19.747 19.466
19.675 19.467
19.713 19.468
19.770 19.468
19.717 19.469
19.740 19.469
19.653 19.471
19.670 19.471
19.724 19.472
19.704 19.473
19.707 19.473
19.725 19.473
19.782 19.476
19.778 19.478
19.741 19.479
19.732 19.480
19.717 19.481
19.749 19.481
19.816 19.481
19.688 19.482
19.742 19.482
19.743 19.482
19.765 19.482
19.724 19.483
19.761 19.483
19.732 19.486
19.466 19.488
19.715 19.488
19.515 19.489
19.739 19.490
19.753 19.492
19.769 19.493
20.361 19.493
19.721 19.494
19.737 19.494
19.886 19.495
19.727 19.496
19.734 19.496
19.742 19.496
19.750 19.496
19.747 19.497
19.764 19.499
19.783 19.499
20.272 19.499
19.714 19.500
20.803 19.500
19.706 19.501
19.862 19.501
19.809 19.502
19.867 19.502
19.724 19.503
19.759 19.503
19.792 19.503
19.875 19.504
19.863 19.506
19.718 19.508
19.769 19.508
19.786 19.509
19.721 19.510
19.803 19.510
20.304 19.510
19.637 19.511
19.754 19.511
19.771 19.511
19.797 19.511
19.801 19.511
19.807 19.511
19.872 19.511
19.774 19.512
19.693 19.513
19.811 19.513
19.798 19.515
19.779 19.517
21.363 19.517
19.731 19.518
19.811 19.520
19.792 19.521
19.837 19.521
19.807 19.523
19.753 19.525
19.785 19.525
19.799 19.526
19.756 19.529
19.826 19.529
19.752 19.530
19.750 19.531
19.798 19.531
19.754 19.532
19.802 19.532
19.783 19.533
19.862 19.536
19.761 19.537
19.795 19.537
19.805 19.538
19.583 19.540
19.780 19.540
19.805 19.540
19.778 19.541
19.766 19.542
19.785 19.542
19.796 19.542
19.757 19.543
19.769 19.543
19.769 19.543
19.739 19.544
19.614 19.545
19.764 19.545
19.807 19.545
19.932 19.545
19.816 19.547
19.828 19.547
20.419 19.547
19.785 19.548
19.658 19.549
19.753 19.549
19.804 19.549
19.806 19.549
19.875 19.549
20.890 19.549
19.803 19.551
19.804 19.551
19.775 19.552
19.893 19.552
19.841 19.553
20.753 19.553
19.800 19.555
19.839 19.557
19.732 19.558
20.330 19.558
19.806 19.560
19.830 19.561
19.838 19.562
19.852 19.564
19.865 19.564
19.843 19.566
19.794 19.567
19.800 19.567
19.561 19.568
19.764 19.568
19.832 19.568
19.865 19.568
19.813 19.569
19.846 19.569
19.815 19.570
19.816 19.570
19.820 19.570
19.820 19.571
19.887 19.571
19.792 19.572
19.816 19.572
19.852 19.574
19.854 19.576
19.835 19.577
19.799 19.578
19.826 19.578
19.790 19.579
19.806 19.580
19.821 19.581
19.774 19.582
19.799 19.582
19.831 19.582
19.848 19.585
19.920 19.585
19.944 19.585
19.804 19.586
19.850 19.586
19.905 19.586
19.812 19.588
19.826 19.588
19.826 19.588
19.850 19.588
19.864 19.589
19.971 19.590
19.821 19.591
19.823 19.592
19.857 19.592
19.820 19.593
19.828 19.593
19.835 19.593
19.845 19.593
19.846 19.593
19.849 19.593
19.879 19.593
19.893 19.593
19.790 19.594
19.858 19.594
19.899 19.594
19.810 19.595
19.843 19.595
19.849 19.595
19.827 19.596
19.831 19.596
19.852 19.596
19.818 19.598
19.866 19.598
19.874 19.598
19.768 19.601
19.800 19.601
19.809 19.602
19.887 19.603
19.842 19.605
19.890 19.606
19.845 19.609
19.865 19.609
19.843 19.610
19.817 19.611
19.900 19.611
19.846 19.612
19.877 19.612
19.906 19.613
19.859 19.614
19.897 19.614
21.232 19.614
19.795 19.615
19.859 19.615
19.883 19.615
19.884 19.615
19.843 19.616
19.853 19.616
19.907 19.618
19.875 19.619
19.828 19.620
19.899 19.620
19.896 19.621
19.858 19.622
19.871 19.622
19.871 19.622
19.830 19.623
20.773 19.624
19.866 19.625
19.883 19.625
19.881 19.627
19.901 19.627
19.811 19.628
19.831 19.628
19.922 19.628
19.840 19.629
19.876 19.629
19.882 19.629
19.888 19.629
19.935 19.629
19.943 19.630
19.870 19.631
19.878 19.631
19.820 19.632
19.852 19.632
19.882 19.632
19.853 19.633
19.872 19.634
19.889 19.634
19.843 19.635
19.910 19.636
19.920 19.636
19.927 19.636
19.829 19.637
19.839 19.637
19.853 19.637
19.876 19.637
19.891 19.637
19.967 19.637
19.812 19.639
19.896 19.639
19.917 19.640
19.843 19.641
19.854 19.641
19.881 19.642
19.911 19.642
19.865 19.643
19.889 19.643
19.894 19.644
19.847 19.645
19.860 19.645
19.890 19.645
19.936 19.645
19.853 19.646
19.925 19.646
19.887 19.647
19.948 19.647
19.902 19.648
19.919 19.650
19.897 19.651
19.903 19.651
19.921 19.651
19.835 19.652
19.872 19.652
19.899 19.653
19.978 19.653
19.906 19.654
19.829 19.655
19.909 19.656
19.985 19.657
19.836 19.658
19.963 19.658
19.944 19.659
19.872 19.664
19.898 19.665
19.885 19.666
19.937 19.666
19.885 19.667
19.921 19.667
19.953 19.667
19.866 19.668
19.960 19.669
19.887 19.670
19.912 19.670
19.930 19.670
19.913 19.671
19.837 19.674
19.891 19.674
19.910 19.674
19.914 19.674
19.953 19.674
19.908 19.675
19.929 19.675
19.691 19.676
19.858 19.676
19.928 19.676
20.006 19.676
19.937 19.677
19.992 19.679
19.872 19.680
19.895 19.680
19.929 19.682
19.992 19.682
19.938 19.684
19.903 19.686
19.872 19.687
19.945 19.687
19.890 19.688
19.949 19.688
19.962 19.688
19.920 19.690
19.923 19.690
19.937 19.690
19.970 19.690
19.892 19.692
19.949 19.692
19.886 19.693
19.980 19.694
19.882 19.695
19.918 19.695
19.928 19.695
19.955 19.695
19.928 19.696
19.975 19.696
19.882 19.697
19.898 19.697
19.940 19.697
19.959 19.698
19.971 19.698
19.803 19.699
19.933 19.699
20.026 19.699
19.968 19.700
20.005 19.700
19.928 19.702
19.944 19.702
20.027 19.703
19.911 19.706
19.993 19.706
19.908 19.707
19.965 19.707
20.030 19.707
19.949 19.708
19.971 19.708
19.945 19.709
19.996 19.710
19.872 19.712
19.990 19.712
19.933 19.713
20.065 19.713
19.877 19.714
19.975 19.714
19.985 19.715
20.033 19.716
19.957 19.717
19.973 19.717
20.009 19.717
19.934 19.718
20.043 19.718
19.914 19.719
19.960 19.719
19.967 19.719
19.976 19.719
19.887 19.720
19.948 19.720
20.011 19.720
19.981 19.721
20.014 19.722
19.999 19.724
20.066 19.724
19.885 19.725
19.914 19.725
19.923 19.725
19.950 19.725
19.956 19.725
20.001 19.725
20.023 19.725
19.996 19.726
20.046 19.727
19.946 19.728
19.975 19.728
19.975 19.728
20.004 19.728
19.959 19.729
19.960 19.730
20.015 19.731
19.937 19.735
20.158 19.735
19.827 19.736
19.928 19.736
20.017 19.736
20.024 19.736
19.914 19.737
19.937 19.737
19.967 19.738
20.045 19.738
20.017 19.739
20.048 19.739
19.974 19.740
19.999 19.740
19.934 19.741
19.955 19.741
19.988 19.741
19.989 19.741
20.033 19.741
19.991 19.742
19.976 19.743
19.981 19.743
19.987 19.743
19.928 19.744
19.974 19.744
19.998 19.744
20.034 19.744
20.062 19.744
19.963 19.745
20.066 19.745
19.900 19.746
19.966 19.746
20.009 19.747
20.053 19.747
20.058 19.747
20.018 19.748
20.020 19.748
20.084 19.748
20.811 19.749
20.063 19.750
20.077 19.751
19.966 19.752
19.996 19.752
19.982 19.753
20.013 19.753
19.967 19.754
20.014 19.754
20.029 19.754
19.982 19.755
19.995 19.756
19.943 19.758
19.965 19.758
19.972 19.759
19.992 19.759
19.959 19.761
19.989 19.761
19.996 19.761
20.007 19.761
20.072 19.761
19.959 19.762
20.018 19.762
19.929 19.763
19.987 19.763
20.019 19.763
20.069 19.763
20.030 19.764
20.349 19.764
20.026 19.765
20.008 19.766
20.028 19.766
20.037 19.766
20.071 19.766
20.002 19.767
20.034 19.767
19.982 19.768
20.013 19.768
20.102 19.768
19.915 19.769
20.004 19.769
20.084 19.769
19.997 19.770
19.960 19.771
19.980 19.771
19.989 19.771
20.022 19.771
20.052 19.771
20.096 19.772
19.866 19.773
20.048 19.773
20.118 19.773
20.033 19.774
20.089 19.774
20.115 19.774
19.970 19.775
20.021 19.775
20.024 19.775
20.083 19.775
20.007 19.776
20.054 19.776
19.968 19.777
19.989 19.777
20.029 19.777
20.035 19.777
20.057 19.777
20.066 19.777
19.976 19.778
19.988 19.778
20.069 19.778
20.886 19.778
19.973 19.779
20.020 19.779
20.032 19.780
20.014 19.781
20.027 19.782
19.991 19.783
20.037 19.783
20.048 19.783
20.076 19.783
19.970 19.784
19.975 19.784
20.022 19.784
20.181 19.784
20.022 19.785
19.999 19.787
20.007 19.787
20.044 19.787
20.008 19.788
20.022 19.789
20.034 19.789
20.065 19.789
19.955 19.790
20.053 19.790
20.019 19.791
20.064 19.791
20.112 19.792
19.997 19.793
20.003 19.793
20.125 19.793
20.210 19.793
20.001 19.795
20.046 19.795
20.141 19.795
20.168 19.795
19.993 19.796
20.022 19.796
20.043 19.797
19.912 19.798
19.995 19.798
20.039 19.798
20.151 19.799
20.225 19.799
20.001 19.800
20.013 19.801
20.159 19.801
20.016 19.802
20.074 19.802
20.226 19.802
20.014 19.803
20.057 19.803
20.120 19.803
20.019 19.804
20.028 19.804
20.084 19.804
20.126 19.804
20.068 19.805
20.059 19.807
20.080 19.807
20.021 19.808
19.931 19.809
20.014 19.809
20.049 19.809
20.183 19.809
21.520 19.809
20.060 19.810
20.079 19.813
20.059 19.814
20.126 19.814
20.141 19.814
20.080 19.815
20.099 19.815
21.076 19.815
20.027 19.817
20.020 19.819
20.021 19.819
20.025 19.819
20.041 19.819
20.042 19.819
20.091 19.819
19.914 19.820
21.481 19.820
20.047 19.821
20.058 19.821
20.090 19.821
20.040 19.822
20.105 19.822
20.249 19.822
20.049 19.823
20.118 19.823
20.149 19.823
20.003 19.824
20.008 19.824
20.065 19.824
20.010 19.826
20.062 19.826
20.103 19.826
20.111 19.826
20.038 19.827
20.044 19.827
20.064 19.827
20.070 19.827
20.091 19.827
20.136 19.827
20.090 19.828
20.042 19.829
20.053 19.829
20.080 19.829
20.085 19.829
20.152 19.829
20.055 19.830
20.073 19.830
20.074 19.830
20.174 19.830
20.031 19.831
19.873 19.832
20.080 19.832
20.003 19.833
20.018 19.836
20.045 19.836
20.073 19.836
20.139 19.836
20.068 19.837
20.070 19.839
20.264 19.839
20.043 19.840
20.076 19.840
20.169 19.840
20.218 19.840
19.612 19.842
20.012 19.843
20.054 19.843
20.131 19.843
20.065 19.844
20.099 19.844
20.119 19.844
20.074 19.845
20.078 19.845
20.115 19.845
20.146 19.845
20.145 19.846
20.672 19.846
20.075 19.847
20.089 19.847
20.104 19.847
20.105 19.847
20.234 19.847
20.029 19.848
20.075 19.848
20.098 19.848
20.219 19.848
20.040 19.849
20.109 19.849
20.114 19.849
20.051 19.850
20.057 19.850
20.123 19.850
20.128 19.850
20.086 19.851
20.202 19.851
20.127 19.852
20.067 19.853
20.092 19.853
20.105 19.853
20.114 19.853
20.053 19.856
20.156 19.856
20.067 19.857
20.111 19.857
20.129 19.858
20.156 19.858
20.110 19.859
20.116 19.859
20.133 19.861
20.202 19.861
20.885 19.861
20.004 19.862
20.060 19.862
20.154 19.862
20.175 19.863
20.139 19.864
20.184 19.864
20.264 19.864
20.134 19.866
20.153 19.866
20.170 19.866
20.174 19.866
20.046 19.867
20.111 19.867
20.136 19.867
20.038 19.868
20.141 19.868
20.192 19.868
20.076 19.869
20.121 19.869
20.146 19.869
20.130 19.870
20.131 19.870
20.146 19.870
20.157 19.870
20.059 19.871
20.100 19.871
20.182 19.871
20.147 19.872
20.155 19.873
20.083 19.874
20.070 19.875
20.127 19.875
20.227 19.875
20.080 19.876
20.155 19.876
20.171 19.876
20.065 19.877
20.073 19.877
20.109 19.877
20.250 19.877
20.045 19.878
20.096 19.878
20.143 19.878
20.257 19.878
20.056 19.879
20.147 19.879
20.148 19.879
20.065 19.880
20.068 19.880
20.105 19.880
20.108 19.880
20.117 19.880
20.168 19.880
20.572 19.880
20.068 19.881
20.177 19.881
20.182 19.881
20.192 19.881
20.056 19.882
20.084 19.882
20.094 19.882
20.116 19.882
20.135 19.882
21.877 19.882
20.107 19.883
20.140 19.883
20.155 19.883
20.046 19.884
20.181 19.884
20.117 19.885
20.144 19.885
20.101 19.886
21.195 19.886
20.056 19.887
20.140 19.887
20.152 19.887
21.247 19.887
20.074 19.888
21.249 19.888
20.075 19.889
20.134 19.889
21.315 19.889
20.212 19.890
20.126 19.891
20.181 19.891
20.085 19.893
20.126 19.893
20.180 19.893
20.100 19.894
20.103 19.894
20.215 19.895
20.218 19.895
20.169 19.896
20.170 19.896
20.182 19.896
20.234 19.896
20.110 19.897
20.123 19.897
20.144 19.897
20.118 19.898
20.269 19.898
20.155 19.899
20.184 19.899
20.169 19.900
20.092 19.901
20.137 19.901
20.126 19.902
20.923 19.902
20.187 19.903
20.139 19.904
20.155 19.904
20.083 19.905
20.121 19.905
20.136 19.905
20.139 19.905
20.225 19.905
20.100 19.906
20.138 19.906
20.140 19.906
20.181 19.906
20.113 19.907
20.058 19.909
20.163 19.909
20.274 19.909
20.160 19.910
20.179 19.910
20.292 19.910
20.301 19.910
20.083 19.911
20.121 19.911
20.244 19.911
20.132 19.912
19.506 19.913
20.222 19.913
20.228 19.914
20.100 19.915
20.134 19.915
20.136 19.915
20.150 19.915
20.190 19.915
20.274 19.915
20.236 19.916
20.157 19.917
20.169 19.917
20.213 19.917
21.207 19.917
20.125 19.918
20.190 19.918
20.995 19.918
20.124 19.919
20.262 19.919
20.257 19.920
20.147 19.921
20.165 19.922
20.243 19.922
20.181 19.923
20.104 19.924
20.211 19.924
20.113 19.925
20.137 19.925
20.140 19.925
20.165 19.925
20.228 19.925
20.162 19.926
20.266 19.926
20.226 19.927
20.087 19.928
20.214 19.928
20.167 19.929
20.171 19.929
20.176 19.929
20.220 19.929
20.278 19.929
20.092 19.930
20.099 19.930
20.135 19.930
20.236 19.930
20.188 19.933
20.251 19.933
20.149 19.934
20.201 19.934
20.241 19.934
20.191 19.935
20.138 19.937
20.223 19.937
20.139 19.938
20.154 19.938
20.293 19.938
20.101 19.939
20.163 19.939
20.172 19.939
20.178 19.939
20.182 19.939
20.289 19.939
20.100 19.940
20.142 19.940
20.196 19.940
20.227 19.940
20.092 19.941
20.111 19.942
20.239 19.942
20.273 19.942
20.183 19.943
20.184 19.943
20.189 19.943
20.204 19.943
20.263 19.943
20.303 19.943
20.135 19.944
20.225 19.944
20.153 19.945
20.165 19.946
20.188 19.946
20.127 19.947
20.198 19.947
20.152 19.948
20.272 19.948
20.131 19.949
20.175 19.949
20.193 19.949
20.218 19.949
20.252 19.949
20.146 19.951
20.157 19.951
20.151 19.952
20.189 19.952
20.205 19.952
20.235 19.952
20.202 19.953
20.206 19.953
20.214 19.954
20.237 19.954
20.177 19.955
20.220 19.955
20.223 19.955
20.171 19.956
20.186 19.956
20.325 19.956
20.428 19.956
20.173 19.957
20.197 19.957
20.236 19.958
20.264 19.958
20.337 19.958
20.200 19.960
20.176 19.961
20.233 19.961
20.242 19.961
20.246 19.961
20.243 19.963
20.166 19.965
20.179 19.965
20.176 19.966
20.239 19.966
20.261 19.966
20.175 19.967
20.189 19.967
20.191 19.967
20.209 19.968
20.201 19.969
20.164 19.970
20.281 19.970
20.201 19.971
20.213 19.971
20.314 19.971
20.165 19.973
20.173 19.975
20.185 19.976
20.187 19.976
20.254 19.976
20.262 19.976
20.264 19.976
20.245 19.977
20.263 19.977
20.271 19.977
20.281 19.978
20.254 19.980
20.290 19.980
20.188 19.981
20.221 19.981
20.179 19.982
20.296 19.982
20.297 19.982
20.288 19.983
20.169 19.984
20.228 19.984
20.233 19.984
20.141 19.985
20.329 19.985
20.284 19.986
20.285 19.986
20.156 19.988
20.206 19.988
20.254 19.988
20.277 19.988
21.027 19.988
20.240 19.989
20.339 19.990
20.285 19.991
20.331 19.991
20.154 19.992
20.348 19.992
20.074 19.993
20.178 19.993
20.271 19.993
20.324 19.993
20.338 19.993
20.348 19.993
20.544 19.994
20.224 19.995
20.257 19.995
20.982 19.995
20.210 19.997
20.251 19.997
20.296 19.997
20.350 19.997
20.865 19.997
20.171 19.998
20.217 19.998
20.267 19.998
20.142 19.999
20.273 19.999
20.312 19.999
20.340 20.000
20.180 20.001
20.208 20.001
20.229 20.001
20.279 20.001
20.178 20.002
20.266 20.002
20.462 20.002
20.261 20.003
20.196 20.004
20.310 20.004
20.312 20.004
20.373 20.004
20.201 20.005
20.217 20.005
20.225 20.005
20.239 20.005
20.242 20.005
20.248 20.006
20.272 20.006
20.145 20.007
20.204 20.008
20.230 20.008
20.273 20.008
20.305 20.008
20.198 20.009
20.257 20.009
20.301 20.009
20.380 20.009
20.239 20.010
20.269 20.010
20.281 20.010
20.279 20.011
20.259 20.012
20.273 20.012
20.200 20.013
20.228 20.013
20.290 20.013
20.366 20.013
20.195 20.014
20.228 20.014
20.195 20.015
20.306 20.015
20.320 20.015
20.229 20.016
20.237 20.016
20.254 20.016
20.337 20.016
20.224 20.017
20.206 20.018
20.255 20.018
20.270 20.018
20.299 20.018
20.318 20.018
20.328 20.018
20.352 20.018
20.254 20.019
20.352 20.019
20.210 20.020
20.290 20.020
20.257 20.021
20.290 20.021
20.236 20.022
20.271 20.022
20.292 20.022
20.220 20.023
20.273 20.023
20.421 20.023
20.313 20.024
20.337 20.025
20.332 20.026
21.465 20.026
20.227 20.027
20.257 20.027
20.265 20.027
20.286 20.027
20.262 20.028
20.291 20.028
20.312 20.028
20.315 20.028
20.389 20.029
20.338 20.030
20.366 20.030
20.228 20.031
20.266 20.031
20.326 20.031
20.263 20.032
20.288 20.032
20.288 20.032
20.302 20.032
20.203 20.033
20.227 20.033
20.239 20.033
20.270 20.033
20.216 20.034
20.295 20.034
20.319 20.035
20.239 20.036
20.272 20.036
20.298 20.036
20.269 20.037
20.285 20.037
20.205 20.038
20.272 20.038
20.302 20.038
20.308 20.038
20.315 20.038
20.355 20.038
20.372 20.038
20.309 20.039
20.339 20.039
20.223 20.040
20.246 20.041
20.310 20.041
20.184 20.042
20.228 20.042
20.325 20.043
20.250 20.044
20.280 20.044
20.283 20.044
20.311 20.044
20.342 20.044
20.224 20.045
20.239 20.045
20.260 20.045
20.447 20.045
20.261 20.046
20.326 20.046
21.636 20.046
20.269 20.047
20.306 20.047
20.389 20.047
20.255 20.048
20.283 20.048
20.288 20.048
20.378 20.048
20.277 20.049
20.343 20.049
20.349 20.049
20.355 20.049
20.369 20.049
21.025 20.049
21.133 20.049
20.409 20.050
20.532 20.051
20.326 20.052
20.460 20.053
20.474 20.053
20.269 20.054
20.358 20.054
20.484 20.054
20.284 20.055
20.286 20.055
20.387 20.055
20.358 20.057
20.362 20.057
20.257 20.058
20.323 20.058
20.363 20.058
20.416 20.058
20.281 20.060
20.308 20.060
20.312 20.060
20.320 20.060
20.420 20.060
21.848 20.060
20.291 20.061
20.289 20.062
20.296 20.062
20.331 20.063
20.369 20.063
20.297 20.064
20.312 20.064
20.304 20.065
20.310 20.065
20.347 20.067
20.245 20.068
20.454 20.068
20.282 20.069
20.290 20.069
20.345 20.069
20.375 20.069
20.379 20.069
20.489 20.069
20.202 20.070
20.319 20.070
20.329 20.070
20.307 20.071
20.342 20.071
20.385 20.071
21.213 20.072
20.276 20.073
20.289 20.073
20.319 20.073
20.325 20.073
20.326 20.073
20.736 20.073
20.282 20.074
20.306 20.075
20.340 20.075
20.266 20.076
20.345 20.076
20.387 20.076
20.353 20.077
21.215 20.077
20.346 20.078
20.366 20.078
20.374 20.078
20.870 20.078
21.198 20.078
20.336 20.079
20.457 20.079
20.358 20.080
20.254 20.081
20.322 20.081
20.307 20.082
20.412 20.082
20.196 20.083
20.263 20.083
20.372 20.084
20.377 20.084
20.413 20.084
20.350 20.085
20.426 20.085
20.288 20.087
20.318 20.087
20.345 20.090
20.341 20.091
20.300 20.092
20.334 20.093
20.358 20.093
20.338 20.094
20.377 20.094
20.414 20.094
20.474 20.095
21.757 20.095
20.327 20.096
20.339 20.096
20.357 20.096
20.388 20.096
20.381 20.097
20.473 20.097
20.483 20.097
20.251 20.098
20.339 20.098
20.356 20.098
20.337 20.099
20.481 20.099
20.279 20.100
20.352 20.100
20.264 20.101
20.266 20.101
20.293 20.101
20.396 20.101
20.320 20.102
20.323 20.102
20.339 20.102
20.415 20.102
20.373 20.103
20.410 20.103
20.352 20.104
20.397 20.104
20.456 20.104
20.336 20.105
20.450 20.105
20.452 20.105
20.345 20.106
20.382 20.106
20.464 20.106
20.333 20.107
20.357 20.107
20.535 20.107
20.326 20.108
20.373 20.108
20.373 20.108
20.455 20.108
20.377 20.109
20.431 20.109
20.314 20.110
20.333 20.110
20.463 20.110
20.482 20.110
20.294 20.111
20.330 20.111
20.345 20.111
20.366 20.112
20.495 20.112
20.320 20.113
20.339 20.113
20.370 20.113
20.498 20.113
20.485 20.114
20.369 20.115
20.231 20.116
20.360 20.116
20.469 20.116
20.343 20.117
20.396 20.117
20.420 20.117
20.351 20.118
20.373 20.118
20.366 20.119
20.484 20.119
20.376 20.120
20.383 20.120
20.413 20.120
20.321 20.121
20.348 20.121
20.352 20.121
20.438 20.121
20.440 20.121
20.566 20.121
20.413 20.122
20.321 20.123
20.332 20.123
20.343 20.123
20.390 20.123
20.365 20.124
20.597 20.124
20.324 20.125
20.337 20.125
20.415 20.125
20.469 20.125
20.481 20.125
20.364 20.126
20.368 20.126
20.387 20.126
20.449 20.127
20.499 20.127
20.325 20.128
20.331 20.128
20.487 20.128
20.390 20.130
20.272 20.131
20.431 20.131
20.446 20.131
20.452 20.131
20.469 20.131
20.351 20.132
20.382 20.132
20.378 20.134
21.021 20.134
20.301 20.135
20.352 20.136
20.299 20.137
20.347 20.137
20.374 20.137
20.398 20.137
20.444 20.138
20.452 20.138
20.537 20.138
20.361 20.139
20.384 20.139
20.397 20.139
20.366 20.140
20.377 20.140
20.521 20.140
20.335 20.141
20.418 20.141
20.427 20.143
20.379 20.144
20.426 20.144
20.428 20.144
20.439 20.144
20.452 20.144
20.454 20.144
20.491 20.144
20.397 20.145
20.401 20.145
20.796 20.145
20.423 20.146
20.424 20.146
20.484 20.146
20.464 20.147
20.474 20.147
20.316 20.148
20.387 20.148
20.403 20.148
20.516 20.148
20.400 20.149
20.411 20.149
20.398 20.150
20.416 20.150
20.417 20.150
20.489 20.150
20.497 20.150
20.379 20.151
20.380 20.151
20.336 20.152
20.417 20.152
20.464 20.152
20.398 20.153
20.423 20.153
20.516 20.153
20.419 20.154
20.283 20.155
20.376 20.155
20.440 20.155
20.483 20.155
20.483 20.155
20.350 20.156
20.531 20.157
20.401 20.158
20.463 20.158
20.467 20.158
20.475 20.158
20.597 20.158
20.155 20.160
20.400 20.160
20.419 20.160
20.485 20.161
20.414 20.162
20.343 20.163
20.430 20.163
20.445 20.163
20.445 20.163
20.459 20.163
20.473 20.163
20.462 20.164
20.479 20.164
20.583 20.164
20.396 20.165
20.398 20.165
20.435 20.165
20.434 20.166
20.536 20.166
20.482 20.167
20.489 20.167
20.405 20.168
20.427 20.168
20.445 20.168
20.393 20.169
20.441 20.169
20.483 20.169
20.455 20.171
20.393 20.172
20.464 20.172
20.516 20.172
20.389 20.173
20.398 20.173
20.420 20.173
20.544 20.173
20.401 20.174
20.356 20.176
20.376 20.176
20.442 20.176
21.777 20.176
20.695 20.177
20.352 20.178
20.416 20.178
20.431 20.178
20.582 20.178
20.465 20.179
20.473 20.179
20.508 20.179
21.255 20.179
20.443 20.180
20.450 20.180
20.498 20.180
20.418 20.181
20.432 20.181
20.492 20.182
20.399 20.183
20.422 20.183
20.477 20.183
20.517 20.183
20.381 20.184
20.478 20.185
20.555 20.185
20.391 20.186
20.431 20.186
21.677 20.186
20.421 20.187
20.595 20.187
20.446 20.188
20.464 20.188
20.420 20.189
20.448 20.189
20.535 20.189
20.438 20.190
20.461 20.190
20.394 20.191
20.414 20.192
20.422 20.192
20.471 20.192
20.391 20.193
20.430 20.193
20.482 20.193
20.493 20.194
20.517 20.194
20.437 20.195
20.451 20.195
20.386 20.196
20.419 20.196
20.444 20.197
20.465 20.197
20.467 20.197
20.533 20.197
20.554 20.197
20.390 20.198
20.433 20.198
20.448 20.198
20.451 20.198
20.462 20.198
20.523 20.199
20.613 20.200
20.425 20.201
20.597 20.201
21.038 20.201
21.499 20.201
20.405 20.202
20.493 20.202
20.550 20.202
20.611 20.202
20.443 20.203
20.586 20.203
20.423 20.204
20.353 20.205
20.439 20.205
20.490 20.205
20.524 20.205
20.529 20.205
20.587 20.205
20.434 20.206
20.491 20.206
20.496 20.206
20.510 20.206
20.525 20.206
20.459 20.207
20.396 20.208
20.490 20.208
20.452 20.209
20.566 20.209
20.382 20.210
20.478 20.210
20.525 20.210
20.559 20.210
22.030 20.210
20.552 20.211
20.613 20.211
20.409 20.212
20.398 20.213
20.415 20.213
21.701 20.213
20.415 20.214
20.418 20.214
20.466 20.214
20.391 20.215
20.473 20.215
21.192 20.215
20.403 20.216
20.470 20.216
20.513 20.216
20.791 20.216
20.407 20.217
20.450 20.217
20.475 20.217
20.484 20.217
20.510 20.217
20.697 20.217
20.421 20.218
20.517 20.218
20.409 20.219
20.460 20.219
20.505 20.219
21.078 20.219
20.468 20.220
20.483 20.220
20.498 20.220
20.507 20.220
21.883 20.220
20.456 20.221
20.462 20.221
20.485 20.221
20.496 20.221
20.489 20.222
20.494 20.222
20.583 20.222
20.461 20.223
20.486 20.223
20.497 20.225
20.516 20.226
20.396 20.227
20.465 20.227
20.478 20.227
20.517 20.227
20.564 20.227
20.489 20.228
20.504 20.228
20.510 20.228
20.609 20.228
20.545 20.229
20.556 20.230
20.521 20.231
20.597 20.231
20.603 20.231
20.554 20.232
20.490 20.234
20.541 20.234
20.550 20.235
20.496 20.236
20.503 20.236
20.504 20.236
20.543 20.236
20.528 20.237
20.593 20.237
20.529 20.238
20.550 20.238
20.350 20.239
20.560 20.239
20.578 20.239
20.460 20.240
20.498 20.240
20.544 20.240
20.494 20.241
20.516 20.241
20.566 20.242
20.452 20.243
20.511 20.243
20.627 20.243
20.449 20.244
20.450 20.244
20.501 20.244
20.459 20.245
20.469 20.245
20.485 20.245
20.511 20.245
20.577 20.245
20.632 20.245
20.415 20.246
20.560 20.246
20.481 20.247
20.484 20.247
20.517 20.247
20.471 20.248
20.508 20.249
20.597 20.249
20.536 20.250
20.555 20.250
20.453 20.251
20.477 20.252
20.534 20.252
20.622 20.252
20.660 20.252
20.486 20.253
20.527 20.255
20.593 20.255
20.532 20.256
20.709 20.256
20.597 20.257
20.359 20.258
20.475 20.258
20.592 20.258
20.483 20.259
20.502 20.259
20.507 20.259
20.451 20.260
20.523 20.260
21.021 20.260
20.504 20.261
20.413 20.262
20.462 20.262
20.545 20.262
20.546 20.262
20.446 20.263
20.556 20.263
20.585 20.263
20.464 20.264
20.476 20.264
20.494 20.264
20.539 20.264
20.480 20.265
20.531 20.266
21.408 20.266
20.512 20.267
20.541 20.267
20.488 20.268
20.764 20.268
20.541 20.269
20.649 20.269
21.410 20.269
20.478 20.270
20.520 20.270
20.532 20.270
20.408 20.271
20.425 20.271
20.508 20.271
20.564 20.271
20.510 20.272
20.528 20.272
20.582 20.272
20.447 20.273
20.505 20.273
20.547 20.273
20.608 20.273
20.646 20.273
20.646 20.273
20.429 20.274
20.459 20.274
20.518 20.274
20.524 20.274
20.525 20.274
20.565 20.274
20.592 20.274
20.665 20.274
20.529 20.275
20.373 20.276
20.433 20.276
20.549 20.276
20.564 20.276
20.704 20.276
20.753 20.276
20.564 20.277
20.588 20.277
20.604 20.277
20.685 20.277
20.533 20.278
20.477 20.280
20.523 20.280
20.530 20.280
20.570 20.280
20.590 20.280
21.611 20.280
22.077 20.280
20.629 20.281
21.118 20.281
20.550 20.282
20.507 20.283
20.518 20.283
20.582 20.283
20.617 20.283
20.423 20.284
20.525 20.285
20.510 20.286
20.570 20.286
20.634 20.286
20.551 20.287
20.613 20.287
20.631 20.287
20.658 20.287
20.533 20.288
20.655 20.288
20.555 20.289
20.747 20.289
20.551 20.290
20.647 20.290
20.571 20.291
20.711 20.292
20.568 20.293
21.356 20.293
20.530 20.294
22.038 20.294
20.533 20.295
20.594 20.295
20.717 20.295
20.496 20.297
20.540 20.297
20.553 20.297
20.566 20.298
20.471 20.299
20.561 20.299
20.476 20.301
20.513 20.301
20.616 20.301
20.670 20.301
20.507 20.303
20.535 20.303
20.576 20.303
20.581 20.303
20.589 20.303
20.648 20.303
20.695 20.303
20.532 20.304
20.588 20.304
20.534 20.305
20.572 20.305
20.599 20.305
20.649 20.305
21.780 20.305
20.484 20.306
20.520 20.306
20.563 20.306
20.570 20.306
20.652 20.306
20.490 20.307
20.541 20.307
20.599 20.307
20.611 20.307
20.638 20.307
20.660 20.308
20.461 20.309
20.601 20.309
20.602 20.309
20.622 20.309
20.623 20.309
20.697 20.309
20.564 20.310
20.588 20.310
20.652 20.310
20.767 20.310
21.050 20.310
20.501 20.311
20.525 20.311
20.590 20.311
20.528 20.312
20.541 20.312
20.544 20.312
20.594 20.312
20.535 20.313
20.573 20.314
20.586 20.314
20.658 20.314
20.587 20.315
22.042 20.315
20.556 20.316
20.567 20.316
20.586 20.316
20.635 20.316
20.447 20.317
20.584 20.317
20.669 20.317
20.592 20.318
20.636 20.318
20.502 20.319
20.527 20.319
20.576 20.319
20.583 20.319
20.590 20.319
20.607 20.320
20.610 20.320
20.632 20.320
20.637 20.320
20.596 20.321
20.657 20.321
20.528 20.322
20.627 20.322
20.654 20.322
20.660 20.322
21.741 20.322
20.535 20.323
20.748 20.323
20.501 20.324
20.570 20.324
20.601 20.324
20.634 20.324
20.712 20.324
20.713 20.324
21.317 20.324
20.575 20.325
20.539 20.326
20.551 20.326
20.553 20.326
20.587 20.326
20.603 20.326
20.543 20.327
20.595 20.327
20.624 20.327
20.579 20.328
21.383 20.328
20.527 20.329
20.580 20.331
20.658 20.331
20.764 20.331
20.542 20.332
20.551 20.332
20.593 20.332
20.604 20.332
20.608 20.333
20.700 20.334
21.124 20.334
22.031 20.334
20.508 20.335
20.614 20.335
20.636 20.335
20.658 20.335
20.602 20.336
20.631 20.336
20.667 20.336
20.602 20.337
20.703 20.337
20.762 20.337
20.531 20.338
20.557 20.338
20.601 20.338
20.701 20.338
20.570 20.339
20.635 20.339
20.729 20.339
20.505 20.340
20.566 20.340
20.571 20.340
20.504 20.341
20.576 20.341
20.594 20.341
20.613 20.341
20.654 20.341
20.535 20.342
20.608 20.342
20.728 20.342
20.582 20.343
20.611 20.343
20.620 20.343
20.508 20.344
20.587 20.344
20.554 20.345
20.682 20.345
20.571 20.346
20.634 20.346
20.668 20.346
20.600 20.347
20.614 20.347
20.633 20.347
20.581 20.348
20.685 20.348
20.612 20.349
20.815 20.349
21.758 20.349
20.483 20.351
20.742 20.351
20.744 20.351
20.505 20.352
20.530 20.352
20.617 20.352
20.696 20.352
20.777 20.352
20.554 20.353
20.564 20.353
20.595 20.353
20.647 20.353
20.700 20.353
20.723 20.353
20.719 20.354
20.730 20.354
20.583 20.355
20.593 20.355
20.616 20.355
20.665 20.355
20.683 20.355
21.025 20.355
20.654 20.356
20.665 20.356
20.768 20.356
20.535 20.357
20.591 20.357
20.634 20.357
20.744 20.357
20.569 20.358
20.593 20.358
20.638 20.358
20.655 20.358
20.661 20.359
20.684 20.359
20.559 20.360
20.598 20.360
20.619 20.360
20.662 20.361
20.713 20.361
20.590 20.362
20.926 20.362
21.642 20.363
20.593 20.364
20.631 20.364
20.579 20.365
20.636 20.365
21.843 20.365
20.588 20.366
20.637 20.366
20.721 20.366
21.479 20.366
20.664 20.367
21.396 20.367
20.701 20.368
20.593 20.369
20.656 20.369
20.706 20.369
20.801 20.369
20.542 20.370
20.610 20.370
20.659 20.370
20.709 20.371
20.635 20.373
20.714 20.373
20.567 20.374
20.590 20.374
20.795 20.374
21.539 20.374
20.658 20.375
20.745 20.375
22.280 20.375
20.639 20.376
20.645 20.376
20.650 20.376
20.680 20.376
20.718 20.376
20.577 20.377
20.579 20.377
20.601 20.377
20.627 20.377
20.635 20.377
20.655 20.377
20.682 20.377
20.561 20.378
20.665 20.378
20.670 20.378
20.684 20.378
20.508 20.379
20.634 20.379
22.227 20.379
20.706 20.380
20.820 20.380
20.569 20.381
20.718 20.381
20.598 20.382
20.631 20.382
20.660 20.382
20.847 20.382
20.567 20.383
20.645 20.383
20.672 20.383
20.679 20.383
20.741 20.383
20.783 20.383
20.823 20.383
20.609 20.384
20.638 20.384
20.663 20.384
20.714 20.384
20.753 20.384
20.652 20.385
20.663 20.385
20.629 20.386
20.673 20.386
20.681 20.386
20.679 20.387
20.724 20.387
20.590 20.388
20.630 20.388
20.612 20.389
20.693 20.389
20.710 20.389
20.599 20.390
20.613 20.390
20.687 20.390
20.758 20.390
20.595 20.391
20.640 20.391
20.640 20.391
20.686 20.391
20.740 20.391
20.692 20.392
21.926 20.392
20.719 20.393
20.581 20.394
20.599 20.394
20.662 20.394
20.665 20.394
20.748 20.395
20.869 20.395
20.622 20.397
20.627 20.397
20.556 20.398
20.604 20.398
20.732 20.398
20.689 20.399
20.564 20.400
20.592 20.401
20.604 20.401
20.673 20.401
20.695 20.401
20.713 20.401
21.284 20.401
20.578 20.402
20.619 20.403
20.660 20.404
20.677 20.404
20.690 20.404
20.729 20.404
20.821 20.404
20.748 20.405
20.748 20.405
20.676 20.406
20.731 20.406
20.742 20.406
20.755 20.406
20.713 20.407
20.715 20.407
20.854 20.407
20.669 20.408
20.744 20.408
20.753 20.408
21.306 20.408
20.687 20.409
20.827 20.409
20.754 20.410
20.533 20.411
20.667 20.412
20.638 20.413
20.725 20.413
20.739 20.413
20.826 20.413
20.921 20.413
20.666 20.414
20.702 20.415
21.484 20.415
20.584 20.416
20.664 20.417
20.575 20.418
20.679 20.418
20.702 20.418
20.779 20.418
20.817 20.418
20.671 20.419
20.679 20.419
20.652 20.420
20.658 20.420
20.761 20.420
20.561 20.421
20.652 20.421
20.673 20.422
20.698 20.422
20.719 20.422
20.724 20.422
20.891 20.422
20.633 20.424
20.690 20.424
20.716 20.424
20.791 20.424
20.639 20.425
20.669 20.425
20.704 20.425
20.729 20.425
20.753 20.426
20.653 20.427
20.664 20.427
20.665 20.427
20.669 20.427
20.669 20.427
20.680 20.427
20.710 20.427
20.729 20.427
20.771 20.427
20.772 20.427
20.663 20.428
20.834 20.428
21.485 20.428
20.571 20.429
20.718 20.429
20.755 20.429
20.775 20.429
20.629 20.430
20.681 20.430
20.703 20.430
20.745 20.430
20.629 20.431
20.762 20.431
20.772 20.431
20.800 20.431
20.862 20.431
20.640 20.432
20.962 20.432
21.816 20.432
20.644 20.433
20.650 20.433
20.704 20.433
20.704 20.433
20.711 20.433
20.715 20.433
20.728 20.433
20.751 20.433
20.590 20.435
20.668 20.435
20.672 20.435
20.699 20.435
20.708 20.435
20.743 20.435
20.713 20.437
20.742 20.437
20.630 20.438
20.716 20.438
20.726 20.438
20.615 20.440
20.725 20.440
20.815 20.440
20.861 20.441
20.629 20.442
20.684 20.442
20.739 20.442
20.792 20.442
20.824 20.442
20.891 20.442
20.661 20.443
20.680 20.443
20.776 20.443
20.767 20.444
21.658 20.444
20.736 20.445
20.776 20.445
20.809 20.445
20.848 20.445
20.716 20.446
20.750 20.446
20.767 20.446
21.298 20.446
21.331 20.446
20.650 20.447
20.676 20.447
20.710 20.447
20.711 20.447
20.743 20.447
20.590 20.448
20.659 20.448
21.550 20.448
20.600 20.449
20.667 20.449
20.671 20.449
20.746 20.449
20.589 20.450
20.692 20.450
20.738 20.450
20.777 20.450
21.605 20.450
20.764 20.451
20.788 20.452
20.805 20.452
20.675 20.453
20.678 20.453
20.922 20.453
20.637 20.454
20.784 20.454
20.832 20.454
20.707 20.455
20.720 20.456
20.759 20.456
20.854 20.456
20.589 20.457
20.698 20.457
20.671 20.458
20.665 20.459
20.746 20.459
20.933 20.459
20.733 20.460
21.046 20.460
20.651 20.461
20.729 20.461
20.773 20.461
20.775 20.461
20.606 20.462
20.694 20.462
20.732 20.462
20.782 20.463
20.808 20.463
21.316 20.463
20.754 20.464
20.828 20.464
20.851 20.464
20.696 20.465
20.798 20.465
20.902 20.465
20.770 20.466
20.789 20.466
20.681 20.467
20.688 20.467
20.705 20.467
20.717 20.467
20.842 20.467
20.918 20.467
21.591 20.467
20.739 20.468
20.861 20.468
22.247 20.468
20.745 20.469
20.795 20.470
20.711 20.471
20.714 20.471
20.760 20.471
20.821 20.471
20.777 20.472
20.974 20.472
20.812 20.473
20.861 20.473
20.880 20.473
20.891 20.473
20.734 20.474
20.755 20.474
20.841 20.475
20.699 20.476
20.721 20.477
20.734 20.477
20.835 20.477
20.765 20.478
20.721 20.479
20.735 20.479
20.767 20.479
20.734 20.480
20.893 20.480
20.734 20.481
20.778 20.481
20.780 20.481
20.659 20.482
20.710 20.482
20.740 20.482
20.838 20.482
20.615 20.483
20.673 20.483
20.751 20.483
21.280 20.483
20.685 20.484
20.777 20.484
20.804 20.484
20.898 20.484
20.808 20.485
21.738 20.485
20.651 20.487
20.690 20.487
20.845 20.487
20.859 20.487
20.711 20.488
20.830 20.488
20.856 20.488
21.157 20.488
20.744 20.489
20.779 20.489
20.802 20.489
20.737 20.490
20.753 20.490
20.932 20.490
20.803 20.491
20.821 20.491
20.836 20.491
20.796 20.492
20.900 20.492
20.750 20.493
20.854 20.493
20.923 20.493
20.740 20.494
20.786 20.494
20.790 20.494
20.878 20.494
21.569 20.494
20.713 20.495
20.742 20.495
20.779 20.495
20.801 20.495
20.723 20.496
20.794 20.496
20.802 20.496
20.865 20.496
20.942 20.496
20.990 20.496
20.749 20.497
20.783 20.497
20.813 20.497
20.689 20.498
20.802 20.498
20.804 20.498
20.809 20.498
20.810 20.498
20.851 20.498
20.858 20.498
20.757 20.499
20.964 20.499
20.723 20.501
20.808 20.501
20.872 20.501
20.795 20.502
20.834 20.502
20.809 20.503
20.944 20.503
20.718 20.504
20.852 20.504
20.701 20.505
20.871 20.505
20.829 20.506
20.858 20.506
20.965 20.506
20.974 20.506
20.777 20.507
20.777 20.507
20.814 20.507
20.823 20.507
20.824 20.507
20.937 20.507
22.259 20.507
20.728 20.508
20.736 20.508
20.917 20.508
20.748 20.509
20.756 20.510
20.800 20.510
20.865 20.510
20.803 20.511
20.822 20.511
20.839 20.511
20.736 20.512
20.831 20.513
20.681 20.514
20.729 20.514
20.795 20.514
20.681 20.515
20.759 20.515
20.836 20.515
20.847 20.515
20.825 20.516
20.737 20.517
20.753 20.517
20.806 20.517
20.811 20.517
20.753 20.518
20.789 20.518
20.832 20.518
20.902 20.518
20.799 20.519
21.004 20.519
21.685 20.519
20.692 20.520
20.714 20.520
20.735 20.520
20.849 20.521
20.749 20.522
20.756 20.522
20.869 20.522
20.673 20.523
20.810 20.523
20.830 20.523
20.890 20.523
20.961 20.523
20.835 20.524
20.859 20.524
20.773 20.525
20.721 20.526
20.792 20.526
20.810 20.526
20.892 20.526
20.971 20.526
20.789 20.527
20.789 20.527
20.889 20.527
20.811 20.528
20.849 20.528
20.783 20.529
20.820 20.529
22.048 20.529
20.779 20.530
20.810 20.530
20.835 20.530
20.869 20.530
20.778 20.531
20.779 20.531
20.895 20.531
20.751 20.532
20.772 20.532
20.832 20.532
20.846 20.532
20.915 20.532
20.805 20.533
20.812 20.533
20.870 20.533
20.834 20.534
20.867 20.534
20.867 20.534
20.764 20.535
20.792 20.535
20.733 20.536
20.742 20.536
20.769 20.536
20.883 20.536
20.840 20.537
20.856 20.538
20.866 20.538
20.880 20.538
20.727 20.539
20.890 20.539
20.916 20.539
20.766 20.540
20.783 20.540
20.816 20.540
20.823 20.540
20.847 20.540
20.858 20.540
22.170 20.540
20.806 20.542
20.833 20.542
20.894 20.542
20.913 20.542
20.809 20.543
20.977 20.543
21.014 20.544
20.739 20.545
20.800 20.545
21.718 20.545
20.708 20.546
20.722 20.546
20.680 20.547
20.897 20.547
20.859 20.548
20.787 20.549
20.792 20.549
20.797 20.549
20.938 20.549
20.779 20.551
20.886 20.551
20.766 20.553
20.787 20.553
20.841 20.553
20.938 20.553
20.885 20.554
21.624 20.554
20.779 20.555
20.815 20.555
20.816 20.555
20.825 20.555
20.787 20.556
20.788 20.556
20.850 20.556
20.794 20.557
20.829 20.557
20.858 20.558
20.756 20.559
20.955 20.559
20.761 20.560
20.805 20.560
20.867 20.560
20.909 20.560
20.928 20.560
20.967 20.560
20.750 20.561
20.811 20.561
20.860 20.561
20.879 20.561
20.882 20.561
20.920 20.561
20.925 20.561
20.789 20.562
20.828 20.562
20.985 20.562
21.025 20.562
20.818 20.563
20.823 20.563
20.824 20.563
20.946 20.563
20.727 20.564
20.812 20.565
20.816 20.565
20.823 20.565
20.825 20.565
20.835 20.565
20.897 20.565
20.761 20.566
20.913 20.566
20.715 20.567
20.833 20.567
20.859 20.567
20.765 20.568
20.919 20.568
20.768 20.569
20.817 20.569
20.771 20.570
20.781 20.570
20.826 20.570
20.866 20.570
20.870 20.570
20.926 20.572
20.808 20.573
20.960 20.573
20.851 20.574
20.936 20.574
20.834 20.575
20.899 20.575
20.781 20.576
20.814 20.576
20.835 20.576
20.905 20.576
20.825 20.577
20.877 20.577
20.805 20.578
20.945 20.578
21.456 20.578
20.855 20.579
20.745 20.580
20.811 20.580
20.822 20.580
20.909 20.580
20.764 20.581
20.789 20.582
20.807 20.582
20.960 20.582
21.006 20.582
20.897 20.583
20.797 20.584
20.843 20.584
21.070 20.584
20.855 20.585
20.869 20.585
20.883 20.585
20.892 20.586
20.881 20.588
20.905 20.588
20.909 20.588
20.910 20.588
20.869 20.589
20.904 20.589
20.943 20.589
21.087 20.589
20.857 20.590
20.816 20.591
20.922 20.591
20.784 20.592
20.925 20.592
20.926 20.592
20.949 20.592
20.797 20.593
21.020 20.593
20.857 20.594
20.934 20.594
20.945 20.594
20.883 20.595
20.879 20.596
20.926 20.596
20.864 20.597
20.914 20.598
21.151 20.598
20.742 20.599
20.908 20.599
21.033 20.599
20.791 20.600
20.835 20.601
21.981 20.601
20.909 20.602
21.751 20.602
21.050 20.603
20.765 20.604
20.880 20.604
20.955 20.604
22.161 20.604
20.753 20.605
20.843 20.605
20.845 20.605
20.899 20.605
20.984 20.605
20.810 20.607
20.853 20.608
20.980 20.608
20.806 20.610
20.945 20.611
20.961 20.611
21.074 20.611
21.055 20.612
20.898 20.613
20.858 20.614
20.869 20.614
20.911 20.614
20.986 20.614
20.986 20.614
21.025 20.615
21.028 20.615
20.787 20.616
20.918 20.617
21.035 20.617
20.918 20.618
20.925 20.619
20.963 20.619
20.806 20.620
20.833 20.620
20.893 20.620
20.933 20.620
20.812 20.621
20.940 20.621
20.752 20.622
20.853 20.622
21.014 20.622
21.170 20.622
20.809 20.623
20.903 20.623
20.916 20.623
20.918 20.623
20.940 20.623
20.944 20.623
20.916 20.624
20.979 20.624
21.004 20.624
20.938 20.626
20.949 20.626
20.950 20.626
20.902 20.628
20.914 20.628
20.916 20.628
20.938 20.628
20.963 20.628
21.109 20.628
21.714 20.628
21.972 20.628
20.925 20.629
20.939 20.629
20.950 20.629
21.843 20.629
20.837 20.630
21.004 20.630
20.867 20.631
20.877 20.631
21.001 20.631
20.905 20.632
20.954 20.632
21.074 20.632
20.844 20.633
20.855 20.633
20.843 20.635
20.888 20.635
20.913 20.635
20.846 20.636
20.949 20.636
20.852 20.637
20.895 20.637
20.999 20.637
21.093 20.637
20.838 20.638
20.845 20.638
20.923 20.638
20.952 20.638
20.913 20.640
21.113 20.640
21.126 20.640
20.858 20.641
20.890 20.641
20.915 20.641
20.927 20.641
20.985 20.641
20.906 20.642
20.922 20.642
22.118 20.642
20.819 20.643
21.008 20.643
21.046 20.643
21.108 20.643
20.882 20.644
20.894 20.644
20.995 20.644
20.986 20.645
20.994 20.645
21.022 20.645
20.935 20.646
20.975 20.646
21.008 20.646
21.037 20.646
20.880 20.647
20.907 20.647
20.910 20.647
20.934 20.647
20.962 20.647
20.967 20.647
20.867 20.648
20.945 20.648
20.944 20.649
20.848 20.650
20.878 20.650
20.945 20.650
20.949 20.650
21.004 20.650
21.021 20.650
21.072 20.650
20.964 20.651
22.018 20.652
20.938 20.653
20.995 20.653
20.922 20.654
20.906 20.655
20.913 20.655
20.975 20.655
20.898 20.656
20.978 20.656
22.308 20.657
21.004 20.658
20.839 20.659
20.979 20.659
22.273 20.659
20.879 20.660
20.942 20.660
20.953 20.660
20.977 20.660
20.981 20.660
20.966 20.661
20.978 20.662
22.470 20.662
20.856 20.663
20.910 20.665
20.987 20.665
21.062 20.665
20.942 20.666
20.979 20.666
20.895 20.667
20.919 20.667
20.982 20.667
20.991 20.667
21.006 20.667
21.010 20.667
20.960 20.668
21.145 20.669
22.157 20.669
20.889 20.670
20.893 20.670
21.000 20.670
20.897 20.671
20.950 20.671
21.045 20.671
21.002 20.672
21.005 20.672
20.938 20.673
20.991 20.673
20.955 20.674
20.983 20.674
21.001 20.674
21.116 20.674
21.190 20.675
20.957 20.676
21.010 20.676
21.020 20.676
22.025 20.676
20.911 20.677
20.965 20.677
20.974 20.677
21.034 20.677
21.053 20.677
21.094 20.678
20.901 20.680
20.967 20.680
21.054 20.680
20.831 20.683
21.068 20.683
21.114 20.683
20.919 20.684
20.932 20.684
21.135 20.684
20.890 20.685
20.968 20.685
20.984 20.685
20.912 20.686
21.001 20.686
21.053 20.687
20.803 20.688
20.868 20.689
20.955 20.689
21.074 20.689
20.886 20.690
20.922 20.690
21.022 20.690
21.164 20.690
21.215 20.690
22.035 20.690
20.979 20.692
21.021 20.692
21.028 20.692
21.041 20.692
21.074 20.693
20.817 20.694
20.913 20.694
20.973 20.694
21.112 20.694
20.977 20.695
21.035 20.695
21.056 20.695
20.937 20.696
21.039 20.696
20.890 20.697
20.921 20.697
20.936 20.697
20.999 20.697
20.892 20.698
20.923 20.698
20.949 20.699
21.122 20.699
21.169 20.699
20.973 20.700
20.978 20.700
20.993 20.700
21.017 20.700
21.018 20.700
21.037 20.700
20.944 20.701
21.009 20.701
21.091 20.701
21.008 20.702
21.151 20.702
20.991 20.703
21.148 20.703
21.699 20.703
21.022 20.704
20.914 20.705
20.970 20.705
21.221 20.705
21.015 20.706
21.018 20.706
21.064 20.706
20.963 20.707
21.010 20.707
20.948 20.708
20.949 20.708
20.971 20.708
21.059 20.708
21.077 20.708
20.921 20.709
21.000 20.709
20.981 20.710
20.999 20.710
21.141 20.711
20.935 20.712
21.078 20.712
20.968 20.713
21.027 20.713
20.879 20.714
20.988 20.715
20.992 20.715
21.046 20.715
21.947 20.715
20.928 20.716
21.002 20.716
21.024 20.716
21.037 20.716
21.150 20.716
20.893 20.717
20.974 20.717
20.995 20.717
20.914 20.718
20.965 20.718
20.995 20.718
20.920 20.719
21.126 20.720
20.840 20.721
22.370 20.721
20.955 20.722
20.991 20.722
21.021 20.723
21.160 20.723
20.922 20.724
20.951 20.724
20.986 20.724
21.033 20.724
21.049 20.724
21.067 20.724
22.035 20.724
20.995 20.725
21.000 20.726
21.022 20.726
21.125 20.726
21.134 20.726
21.167 20.726
20.694 20.727
20.939 20.727
20.965 20.727
21.350 20.727
20.881 20.728
21.074 20.728
21.011 20.729
21.037 20.729
21.088 20.729
22.386 20.729
20.899 20.730
21.077 20.730
20.896 20.731
20.947 20.731
20.992 20.731
20.996 20.731
21.075 20.731
20.989 20.733
21.003 20.734
21.173 20.734
21.000 20.735
21.113 20.737
21.149 20.737
21.052 20.738
20.970 20.739
21.004 20.741
21.046 20.741
21.075 20.741
20.957 20.742
21.134 20.742
21.138 20.742
21.276 20.742
20.893 20.743
20.922 20.743
21.143 20.743
21.139 20.744
20.863 20.745
21.077 20.745
20.944 20.747
21.003 20.747
20.905 20.749
21.153 20.749
21.085 20.750
21.097 20.750
20.885 20.751
21.048 20.751
20.844 20.752
21.019 20.752
21.070 20.752
21.202 20.753
20.963 20.754
21.179 20.755
20.976 20.756
21.059 20.756
21.996 20.756
20.909 20.758
20.919 20.758
21.083 20.758
21.045 20.759
21.132 20.759
21.067 20.760
21.334 20.760
21.123 20.762
21.171 20.762
21.057 20.763
21.077 20.763
21.142 20.764
21.144 20.764
20.995 20.765
21.035 20.765
21.012 20.766
21.135 20.766
21.213 20.766
20.962 20.767
21.025 20.767
22.201 20.767
21.001 20.768
21.095 20.768
21.164 20.768
21.039 20.769
21.114 20.770
20.994 20.771
21.016 20.771
21.114 20.771
21.323 20.771
21.024 20.772
21.062 20.772
21.066 20.772
20.997 20.773
21.000 20.773
21.102 20.774
21.252 20.774
20.925 20.775
20.988 20.775
21.078 20.775
21.162 20.775
21.434 20.775
20.959 20.776
20.985 20.776
21.513 20.776
21.006 20.777
20.986 20.779
21.048 20.779
21.090 20.779
21.155 20.779
22.023 20.779
20.936 20.780
21.110 20.780
21.065 20.781
21.135 20.781
21.147 20.781
21.007 20.782
21.103 20.782
21.149 20.782
21.119 20.783
21.051 20.785
21.115 20.785
21.120 20.785
21.159 20.785
21.159 20.785
21.166 20.785
20.977 20.786
21.089 20.786
21.091 20.786
21.099 20.786
20.969 20.787
21.055 20.787
21.060 20.787
21.238 20.787
20.999 20.788
21.063 20.788
21.026 20.789
21.028 20.791
21.067 20.791
21.116 20.791
20.944 20.792
21.234 20.792
21.119 20.793
21.200 20.793
20.936 20.794
21.049 20.794
21.114 20.794
21.117 20.794
21.136 20.794
21.178 20.794
21.097 20.795
21.186 20.795
21.024 20.796
21.058 20.796
21.132 20.796
21.039 20.797
21.109 20.797
20.992 20.798
21.039 20.798
21.115 20.798
21.050 20.800
21.079 20.800
21.082 20.800
21.111 20.800
21.245 20.800
21.081 20.801
21.095 20.801
21.098 20.801
21.249 20.801
21.032 20.802
21.078 20.802
21.215 20.802
21.264 20.802
21.082 20.803
21.179 20.803
21.053 20.804
21.013 20.805
21.133 20.805
20.938 20.806
20.963 20.806
20.997 20.806
21.168 20.806
21.188 20.806
21.070 20.807
21.252 20.807
21.061 20.808
21.179 20.809
21.195 20.810
21.339 20.811
21.093 20.812
22.062 20.812
21.101 20.813
21.146 20.813
21.592 20.813
20.822 20.814
21.030 20.814
21.156 20.814
21.075 20.815
21.134 20.815
21.175 20.815
21.110 20.816
21.165 20.816
21.104 20.817
21.063 20.818
21.085 20.818
21.126 20.818
21.181 20.818
20.981 20.819
21.132 20.819
21.152 20.819
22.338 20.819
21.103 20.820
21.129 20.821
21.255 20.821
21.012 20.822
21.013 20.822
21.144 20.823
21.031 20.825
21.050 20.825
21.057 20.825
21.090 20.825
21.123 20.825
21.140 20.825
21.206 20.825
21.249 20.825
21.286 20.825
21.136 20.826
21.159 20.826
21.286 20.827
21.073 20.828
21.143 20.829
21.139 20.830
21.166 20.830
21.193 20.830
21.224 20.831
21.298 20.831
21.083 20.832
21.258 20.832
21.049 20.833
21.787 20.833
21.091 20.834
21.178 20.834
21.200 20.834
21.136 20.835
21.242 20.835
21.130 20.836
21.143 20.836
21.239 20.836
21.096 20.838
21.139 20.839
21.151 20.839
21.241 20.840
20.985 20.841
21.303 20.841
21.132 20.842
21.142 20.842
21.189 20.842
21.275 20.842
21.088 20.843
21.124 20.843
21.150 20.843
21.230 20.843
21.288 20.843
21.049 20.844
21.077 20.844
21.144 20.845
21.149 20.845
21.186 20.845
21.168 20.846
21.156 20.847
21.186 20.847
20.968 20.848
21.016 20.848
21.115 20.848
21.149 20.848
21.196 20.848
21.129 20.850
21.106 20.851
21.198 20.851
21.361 20.851
20.988 20.852
21.075 20.852
21.107 20.852
21.247 20.852
22.377 20.852
21.047 20.853
21.161 20.853
21.164 20.853
21.170 20.853
21.317 20.853
21.179 20.855
21.266 20.855
21.000 20.857
21.163 20.857
21.239 20.857
21.002 20.858
21.121 20.858
21.148 20.858
21.095 20.859
21.240 20.859
21.165 20.860
21.199 20.860
21.287 20.860
21.120 20.861
21.216 20.861
21.316 20.861
21.157 20.862
21.155 20.863
21.163 20.863
22.705 20.864
21.134 20.865
21.215 20.865
21.233 20.865
20.991 20.866
21.113 20.866
21.205 20.866
21.220 20.866
21.277 20.866
21.359 20.866
21.135 20.867
21.154 20.867
21.191 20.867
21.220 20.867
21.081 20.868
21.030 20.869
21.087 20.870
21.186 20.872
21.203 20.872
21.250 20.872
21.895 20.872
22.146 20.872
21.101 20.874
21.188 20.874
21.437 20.875
21.234 20.876
21.087 20.879
21.119 20.879
21.191 20.880
21.201 20.880
21.206 20.880
21.175 20.881
21.107 20.882
21.151 20.882
21.160 20.883
21.269 20.883
21.068 20.884
21.277 20.884
22.217 20.884
21.161 20.885
21.112 20.886
21.207 20.886
21.237 20.886
21.279 20.886
21.623 20.886
21.253 20.887
21.131 20.888
21.106 20.889
21.135 20.889
21.227 20.889
21.252 20.889
22.162 20.889
22.077 20.891
21.103 20.892
21.143 20.892
21.179 20.892
21.209 20.893
21.136 20.895
21.174 20.896
21.221 20.896
21.244 20.896
21.158 20.897
21.298 20.897
22.228 20.897
21.420 20.898
21.218 20.899
21.240 20.899
21.140 20.900
21.181 20.900
21.215 20.900
21.138 20.901
21.319 20.903
21.184 20.904
21.206 20.904
21.212 20.905
21.159 20.907
21.178 20.907
21.272 20.907
20.839 20.908
21.173 20.911
21.191 20.911
21.196 20.912
21.297 20.912
20.874 20.914
21.160 20.914
21.192 20.914
21.527 20.914
21.202 20.915
21.328 20.915
21.336 20.915
21.210 20.916
21.217 20.916
21.233 20.916
21.265 20.916
21.226 20.917
21.134 20.918
21.187 20.918
21.051 20.919
21.271 20.919
21.476 20.919
21.116 20.920
21.246 20.921
21.202 20.923
21.240 20.923
21.281 20.923
21.115 20.925
21.344 20.925
22.154 20.925
21.243 20.926
21.138 20.927
21.182 20.928
21.399 20.928
21.662 20.929
21.138 20.930
21.274 20.930
21.205 20.931
21.240 20.931
21.401 20.931
21.227 20.932
21.264 20.933
21.284 20.934
21.332 20.934
21.234 20.936
21.272 20.936
21.321 20.936
21.238 20.937
22.297 20.937
21.296 20.942
22.560 20.942
21.119 20.944
21.155 20.944
21.189 20.944
21.187 20.946
21.189 20.946
21.254 20.947
21.126 20.948
21.330 20.948
22.835 20.948
21.254 20.950
21.289 20.950
21.371 20.951
21.118 20.952
21.247 20.952
22.170 20.952
21.061 20.953
21.303 20.953
21.229 20.956
21.313 20.957
21.345 20.957
21.446 20.957
21.263 20.958
21.136 20.959
21.240 20.959
21.373 20.959
21.363 20.962
21.224 20.963
21.213 20.964
21.408 20.964
21.251 20.965
21.532 20.966
22.391 20.967
21.274 20.968
21.289 20.968
21.204 20.970
21.307 20.970
21.145 20.971
21.167 20.971
21.222 20.972
21.227 20.973
21.302 20.973
21.499 20.973
21.052 20.974
21.530 20.974
21.401 20.975
21.292 20.976
21.361 20.976
21.344 20.977
21.147 20.978
21.368 20.978
21.204 20.980
21.259 20.980
21.244 20.983
21.301 20.984
21.333 20.984
21.249 20.985
21.248 20.986
22.848 20.986
21.333 20.988
21.257 20.990
21.148 20.991
21.318 20.992
21.361 20.992
21.245 20.995
21.309 20.995
21.313 20.995
21.561 20.995
21.469 20.996
21.399 20.999
21.212 21.002
21.311 21.002
21.266 21.003
21.365 21.003
21.380 21.003
21.513 21.003
21.370 21.006
21.286 21.008
21.405 21.008
21.441 21.008
21.224 21.009
21.289 21.009
21.279 21.010
21.324 21.010
21.286 21.011
21.261 21.012
21.446 21.012
21.684 21.012
21.392 21.013
21.270 21.014
21.384 21.014
21.440 21.014
21.588 21.014
22.291 21.015
21.322 21.016
21.341 21.016
21.355 21.016
21.262 21.017
21.317 21.017
21.346 21.017
21.396 21.017
21.331 21.020
21.358 21.021
22.698 21.021
21.306 21.022
21.379 21.022
21.490 21.023
21.226 21.026
21.278 21.027
21.316 21.027
21.454 21.027
21.535 21.028
21.413 21.029
21.342 21.030
21.478 21.030
22.552 21.032
21.151 21.033
21.232 21.033
21.521 21.034
21.468 21.036
21.688 21.036
21.251 21.037
22.987 21.037
21.275 21.038
21.464 21.038
21.346 21.040
21.444 21.041
22.148 21.042
22.390 21.044
21.293 21.045
21.379 21.045
21.245 21.046
21.433 21.047
21.300 21.048
22.999 21.048
21.295 21.049
23.032 21.049
21.391 21.051
21.623 21.052
21.306 21.053
21.308 21.054
21.392 21.054
21.364 21.057
21.384 21.057
21.219 21.059
21.500 21.060
21.238 21.061
21.345 21.061
21.411 21.061
21.453 21.061
21.317 21.062
21.255 21.063
21.453 21.063
22.138 21.063
21.364 21.064
21.273 21.065
21.289 21.067
21.355 21.067
21.359 21.068
21.440 21.068
21.476 21.069
21.256 21.074
21.367 21.074
22.779 21.075
21.585 21.076
22.468 21.076
21.589 21.077
21.237 21.078
21.415 21.079
21.381 21.081
21.498 21.081
21.623 21.084
22.120 21.086
22.534 21.086
21.357 21.089
21.499 21.089
21.572 21.090
21.530 21.094
22.268 21.094
21.431 21.099
21.537 21.099
21.615 21.099
21.444 21.101
21.588 21.102
21.283 21.103
21.436 21.103
21.456 21.104
21.488 21.104
21.590 21.107
21.510 21.108
21.256 21.109
21.488 21.109
22.546 21.110
21.391 21.111
21.509 21.111
21.551 21.113
21.419 21.114
21.505 21.114
21.415 21.115
21.484 21.116
21.544 21.117
21.380 21.119
21.378 21.124
21.417 21.125
21.637 21.126
21.429 21.127
22.576 21.127
21.539 21.128
21.574 21.130
21.792 21.133
21.512 21.134
21.559 21.136
21.625 21.136
21.459 21.138
21.465 21.142
21.353 21.143
21.448 21.143
21.344 21.145
21.451 21.145
22.516 21.146
21.534 21.147
21.480 21.149
21.554 21.149
21.675 21.149
21.324 21.151
21.398 21.151
21.468 21.151
22.776 21.153
22.838 21.155
21.501 21.156
21.343 21.157
21.556 21.157
21.680 21.157
21.502 21.162
21.637 21.163
21.984 21.164
21.499 21.166
21.537 21.167
21.777 21.168
21.435 21.169
21.578 21.179
21.461 21.182
22.372 21.184
21.387 21.185
23.025 21.189
21.496 21.190
21.616 21.193
21.454 21.194
21.542 21.195
21.772 21.196
21.326 21.198
22.753 21.200
21.580 21.204
21.374 21.210
22.818 21.213
21.503 21.219
21.590 21.219
21.621 21.223
21.701 21.224
21.593 21.226
21.641 21.226
21.549 21.227
21.662 21.229
21.389 21.231
21.635 21.232
22.618 21.234
21.423 21.236
21.619 21.238
21.603 21.239
21.541 21.240
21.796 21.242
21.569 21.243
21.604 21.245
21.603 21.247
21.619 21.248
21.754 21.248
21.442 21.250
21.490 21.257
21.515 21.259
21.511 21.261
21.823 21.264
22.729 21.265
21.571 21.266
22.628 21.269
21.467 21.274
21.663 21.277
21.710 21.277
21.744 21.277
21.742 21.284
21.610 21.288
21.710 21.289
21.598 21.292
21.565 21.294
21.615 21.295
22.113 21.301
23.118 21.307
21.952 21.308
21.798 21.315
21.437 21.318
21.563 21.318
21.337 21.319
21.490 21.320
22.597 21.333
22.948 21.336
21.638 21.340
21.416 21.342
21.499 21.343
21.778 21.345
21.459 21.346
21.559 21.347
22.900 21.351
21.616 21.357
21.585 21.359
22.557 21.368
21.880 21.370
21.812 21.374
21.549 21.378
21.831 21.386
22.810 21.388
21.519 21.392
21.703 21.393
22.630 21.403
21.943 21.405
21.820 21.408
22.969 21.416
21.866 21.428
21.770 21.430
21.726 21.439
21.593 21.444
21.509 21.448
21.877 21.453
21.645 21.471
21.942 21.474
21.878 21.479
21.782 21.486
21.779 21.494
21.898 21.506
21.929 21.506
23.338 21.515
21.975 21.528
22.509 21.534
21.986 21.535
21.726 21.541
22.722 21.555
21.953 21.561
22.820 21.586
22.437 21.593
23.358 21.603
21.878 21.611
22.015 21.613
22.100 21.639
22.335 21.663
22.496 21.674
22.502 21.688
21.867 21.707
23.327 21.716
21.881 21.726
22.314 21.758
23.091 21.765
22.236 21.795
22.251 21.847
23.404 21.858
23.389 21.895
22.375 21.903
22.597 22.021
23.423 22.167
